train_dataset: 
accuracy: 0.7457018927444795
precision: 0.6934034626342319
recall:0.6647058823529411
test_dataset: 
accuracy: 0.2599431818181818
precision: 0.2615792695368292
recall:0.2695542472666106
