train_dataset: 
accuracy: 0.8919777289836889
precision: 0.9666744758111749
recall:0.8625104515050167
test_dataset: 
accuracy: 0.2969535175879397
precision: 0.325036075036075
recall:0.18865159128978223
