train_dataset: 
accuracy: 0.923667711598746
precision: 0.9094552046560442
recall:0.9957691303212327
test_dataset: 
accuracy: 0.7799937185929648
precision: 0.7904170363797693
recall:0.9329702555509007
