train_dataset: 
accuracy: 0.9965560425798372
precision: 0.9993715303236619
recall:0.9954094940010433
test_dataset: 
accuracy: 0.9796365914786967
precision: 0.995530964034901
recall:0.9770258980785297
