train_dataset: 
accuracy: 0.9965439804013065
precision: 0.9979158956779183
recall:0.9967122541485905
test_dataset: 
accuracy: 0.9954481792717087
precision: 0.9977368503199625
recall:0.9955614390281887
