train_dataset: 
accuracy: 0.9943764568764569
precision: 0.9998045042227088
recall:0.9926630434782608
test_dataset: 
accuracy: 0.9919542910447762
precision: 0.999372352110466
recall:0.9897435897435898
