train_dataset: 
accuracy: 0.9307428674712196
precision: 0.9994593905393344
recall:0.9080458172315049
test_dataset: 
accuracy: 0.9281782473998672
precision: 0.9990626018910987
recall:0.9047891482882716
